logr0 = -2.09815
logtheta = 1.23439
logK = 6.75645
logQ = -2.59615
logR = -2.58044

Random Effects:
X:
3.08929 3.27708 3.52121 3.63439 3.77684 4.15016 4.24637 4.29833 4.2818 4.17348 4.28973 4.40451 4.33091 4.2856 4.37187 4.40267 4.52925 4.63675 4.74884 4.82537 4.92721 5.02989 5.02763 4.90603 5.03797 4.92075 5.04169 5.124 5.10787 4.94048 4.9499 5.11734 5.18228 5.22257 5.27693 5.4246 5.58385 5.51281 5.7422 5.92551 5.94162 5.9962 6.10382 6.0935 6.33757 6.48941 6.65972 6.7233 6.71796 6.56502 6.7036 6.73126 6.76876 6.85931 6.67762 6.54335 6.43225 6.46778 6.62921 6.71541 6.48991 6.52688 6.68208 6.63039 6.62294 6.7568 6.73579 6.80286 6.8348 6.79828 6.7214 6.79629 6.7126 6.78608 6.84854 6.88929 6.96191 6.7417 6.72231 6.57817 6.61911 6.68078 6.59323 6.62561 6.77701 6.64057 6.59758 6.50609 6.5234 6.52397 6.36114 6.42916 6.31165 6.25511 6.41153 6.44347 6.72436 6.63098 6.8349 6.7979 6.73477 6.66918 6.47907 6.49037 6.43289 6.43397 6.37374 6.39292 6.44397 6.37291 6.43492 6.41811 6.52244 6.55934 6.62325 6.50159 6.64668 6.52933 6.45259 6.61464 6.63477 6.66654 6.61764 6.54974 6.5277 6.66485 6.71014 6.65633 6.57289 6.80834 6.64559 6.42758 6.58793 6.46561 6.51737 6.49869 6.59419 6.67601 6.72442 6.83418 6.82477 6.69264 6.83111 6.93604 6.96306 6.97438 6.7205 6.7445 6.81551 6.63799 6.66896 6.54938 6.54475 6.55082 6.63659 6.59606 6.44191 6.56238 6.77785 6.80023 6.85923 6.74517 6.67563 6.8638 6.93398 7.04078 6.84405 6.93347 6.90539 6.92089 6.97168 6.93497 7.06868 6.90709 6.70666 6.84074 6.73082 6.76916 6.98522 6.73799 6.5874 6.53533 6.72373 6.65313 6.6664 6.58906 6.68872 6.70424 6.80421 6.80109 6.96106 6.92949 6.87094 6.78504 6.91452 6.77605 6.90301 6.89828 6.77552 6.80125 